210,18,213,21
159,21,159,21
207,21,210,24
210,21,213,24
171,24,171,24
174,24,174,24
177,24,177,24
204,24,204,24
207,24,207,24
219,27,222,30
222,27,222,27
129,30,129,30
132,30,132,30
135,30,135,30
186,30,186,30
189,30,189,30
192,30,192,30
219,30,219,30
120,33,120,33
123,33,123,33
228,33,237,42
225,36,225,36
228,36,228,36
135,39,135,39
237,39,240,42
129,42,129,42
132,42,132,42
231,42,234,45
156,45,156,45
144,48,144,48
156,48,156,48
243,48,243,48
117,51,120,54
120,51,123,54
123,51,126,54
126,51,126,51
129,51,129,51
132,51,132,51
153,51,153,51
210,51,222,63
213,51,216,54
117,54,117,54
192,54,192,54
210,54,219,63
138,57,138,57
210,57,216,63
225,57,231,63
111,60,111,60
132,60,132,60
135,60,135,60
201,60,210,69
210,60,216,66
231,60,231,60
108,63,108,63
132,63,132,63
198,63,204,69
201,63,207,69
207,63,210,66
210,63,213,66
225,63,225,63
228,63,231,66
264,63,273,72
84,66,84,66
129,66,129,66
192,66,201,75
195,66,204,75
198,66,201,69
108,69,108,69
123,69,123,69
126,69,126,69
189,69,198,78
192,69,201,78
225,69,225,69
231,69,234,72
267,69,267,69
273,69,276,72
276,69,276,69
279,69,279,69
117,72,120,75
120,72,120,72
123,72,123,72
189,72,195,78
231,72,237,78
297,72,309,84
90,75,90,75
114,75,117,78
117,75,117,75
183,75,192,84
186,75,192,81
189,75,192,78
219,75,219,75
222,75,222,75
231,75,237,81
285,75,285,75
297,75,306,84
111,78,111,78
114,78,114,78
180,78,189,87
183,78,192,87
231,78,234,81
255,78,255,78
282,78,282,78
285,78,297,90
297,78,303,84
63,81,63,81
99,81,114,96
102,81,117,96
129,81,135,87
132,81,135,84
180,81,183,84
273,81,354,162
276,81,354,159
291,81,297,87
294,81,300,87
297,81,300,84
54,84,54,84
57,84,57,84
60,84,60,84
90,84,111,105
93,84,111,102
96,84,111,99
99,84,114,99
129,84,132,87
273,84,354,165
288,84,297,93
69,87,69,87
72,87,75,90
75,87,102,114
78,87,105,114
81,87,105,111
84,87,108,111
87,87,108,108
90,87,111,108
111,87,117,93
114,87,117,90
117,87,117,87
120,87,120,87
123,87,123,87
126,87,129,90
129,87,129,87
141,87,141,87
144,87,144,87
147,87,147,87
237,87,243,93
240,87,249,96
246,87,258,99
249,87,252,90
285,87,354,156
51,90,93,132
54,90,96,132
63,90,66,93
66,90,69,93
69,90,69,90
237,90,237,90
246,90,258,102
255,90,255,90
258,90,258,90
273,90,357,174
276,90,354,168
291,90,354,153
309,90,342,123
51,93,60,102
60,93,63,96
63,93,66,96
138,93,138,93
141,93,141,93
165,93,165,93
168,93,168,93
180,93,180,93
273,93,354,174
315,93,339,117
48,96,90,138
51,96,93,138
78,96,102,120
159,96,162,99
162,96,162,96
165,96,165,96
177,96,177,96
180,96,180,96
258,96,258,96
321,96,333,108
48,99,90,141
72,99,81,108
75,99,84,108
78,99,102,123
84,99,102,117
159,99,159,99
276,99,351,174
309,99,351,141
312,99,348,135
315,99,348,132
45,102,87,144
48,102,90,144
69,102,96,129
72,102,96,126
120,102,123,105
123,102,126,105
126,102,126,102
306,102,354,150
309,102,354,147
45,105,87,147
117,105,120,108
120,105,123,108
168,105,171,108
270,105,273,108
45,108,87,150
66,108,93,135
117,108,120,111
270,108,276,114
42,111,102,171
45,111,99,165
117,111,120,114
285,111,351,177
42,114,111,183
87,114,99,126
90,114,99,123
117,114,129,126
42,117,111,186
147,117,147,117
39,120,111,192
42,120,111,189
120,120,126,126
291,120,297,126
39,123,111,195
129,123,132,126
132,123,135,126
135,123,135,123
291,123,300,132
39,126,108,195
123,126,123,126
39,129,108,198
294,129,300,135
39,132,114,207
294,132,300,138
39,135,177,273
39,138,174,273
291,138,294,141
309,138,351,180
39,141,171,273
291,141,294,144
297,141,297,141
36,144,162,270
39,144,165,270
36,147,111,222
294,147,294,147
315,147,348,180
36,150,108,222
33,153,144,264
36,153,108,225
318,153,348,183
33,156,138,261
318,156,348,186
33,159,135,261
318,159,345,186
33,162,129,258
33,165,117,249
318,165,345,192
321,165,345,189
33,168,111,246
318,168,342,192
33,171,102,240
33,174,99,240
321,174,342,195
33,177,93,237
321,177,342,198
33,180,96,243
33,183,96,246
324,183,339,198
33,186,96,249
324,186,339,201
33,189,93,249
324,189,339,204
33,192,90,249
33,195,90,252
327,195,336,204
33,198,87,252
327,198,336,207
33,201,84,252
324,201,336,213
327,201,336,210
33,204,84,255
120,204,120,204
315,204,339,228
321,204,339,222
324,204,336,216
120,207,120,207
315,207,318,210
321,207,339,225
36,210,120,294
315,210,318,213
36,213,120,297
123,213,123,213
204,213,225,234
207,213,228,234
36,216,159,339
123,216,177,270
156,216,201,261
159,216,204,261
162,216,204,258
165,216,207,258
168,216,207,255
171,216,210,255
174,216,210,252
315,216,318,219
318,216,318,216
324,216,336,228
36,219,156,339
129,219,180,270
132,219,183,270
135,219,186,270
138,219,186,267
141,219,189,267
144,219,192,267
147,219,195,267
150,219,195,264
153,219,198,264
156,219,201,264
180,219,213,252
183,219,213,249
186,219,213,246
189,219,213,243
192,219,213,240
195,219,216,240
198,219,216,237
201,219,219,237
204,219,222,237
207,219,225,237
249,219,309,279
252,219,309,276
255,219,312,276
258,219,315,276
261,219,315,273
264,219,315,270
267,219,315,267
270,219,312,261
273,219,315,261
276,219,315,258
279,219,315,255
282,219,315,252
285,219,318,252
288,219,318,249
291,219,315,243
294,219,315,240
297,219,315,237
300,219,315,234
303,219,315,231
306,219,315,228
309,219,315,225
312,219,315,222
315,219,315,219
324,219,336,231
36,222,153,339
219,222,219,222
234,222,285,273
237,222,288,273
240,222,291,273
243,222,294,273
246,222,297,273
249,222,306,279
324,222,336,234
36,225,153,342
234,225,282,273
324,225,336,237
36,228,150,342
117,228,159,270
234,228,282,276
324,228,336,240
36,231,150,345
114,231,150,267
117,231,156,270
234,231,279,276
321,231,333,243
324,231,333,240
36,234,141,339
231,234,270,273
234,234,276,276
36,237,141,342
321,237,333,249
324,237,333,246
36,240,141,345
321,240,333,252
36,243,141,348
321,243,330,252
240,246,267,273
39,249,144,354
240,249,261,270
324,249,330,255
39,252,144,357
240,252,255,267
324,252,330,258
240,255,252,267
324,255,330,261
42,258,150,366
96,258,108,270
99,258,99,258
324,258,327,261
42,261,153,372
96,261,111,276
243,261,246,264
324,261,327,264
96,264,111,279
324,264,324,264
45,267,159,381
96,267,120,291
45,270,165,390
324,270,324,270
324,273,324,273
48,276,174,402
321,279,324,282
324,279,324,279
51,282,183,414
117,285,117,285
318,285,318,285
54,288,66,300
258,288,309,339
261,288,309,336
192,291,192,291
258,291,309,342
57,294,57,294
189,294,189,294
270,294,309,333
183,297,261,375
186,297,264,375
189,297,192,300
261,297,309,345
177,300,261,384
180,300,261,381
183,300,261,378
261,300,309,348
126,303,159,336
129,303,162,336
174,303,183,312
177,303,261,387
261,303,309,351
72,306,237,471
135,306,162,333
138,306,165,333
171,306,180,315
174,306,183,315
261,306,309,354
285,306,312,333
288,306,312,330
147,309,168,330
150,309,171,330
156,309,174,327
159,309,174,324
162,309,177,324
165,309,177,321
168,309,180,321
171,309,180,318
201,309,264,372
258,309,306,357
261,309,309,357
294,309,312,327
297,309,312,324
300,309,312,321
303,309,303,309
75,312,234,471
147,312,165,330
156,312,171,327
207,312,267,372
210,312,267,369
213,312,270,369
216,312,270,366
219,312,273,366
222,312,276,366
225,312,294,381
228,312,294,378
231,312,297,378
234,312,282,360
237,312,261,336
240,312,264,336
243,312,261,330
255,312,261,318
258,312,261,315
75,315,231,471
249,315,261,327
252,315,261,324
255,315,261,321
315,315,315,315
75,318,228,471
75,321,225,471
315,321,315,321
75,324,222,471
195,324,261,390
75,327,219,471
195,327,261,393
273,327,306,360
75,330,216,471
195,330,258,393
273,330,273,330
75,333,213,471
195,333,258,396
75,336,210,471
195,336,255,396
270,336,288,354
75,339,207,471
195,339,252,396
270,339,300,369
276,339,288,351
168,342,186,360
171,342,189,360
174,342,192,360
177,342,195,360
180,342,198,360
183,342,201,360
186,342,204,360
189,342,246,399
192,342,249,399
195,342,252,399
267,342,285,360
270,342,285,357
282,342,303,363
285,342,306,363
78,345,204,471
78,348,201,471
171,348,183,360
78,351,198,471
168,351,177,360
171,351,180,360
78,354,195,471
156,354,165,363
162,354,171,363
165,354,171,360
168,354,174,360
156,357,162,363
162,357,168,363
294,357,303,366
78,360,189,471
81,360,192,471
156,360,159,363
294,360,303,369
78,363,186,471
291,363,300,372
78,366,183,471
210,366,246,402
288,366,300,378
291,366,300,375
66,369,66,369
78,369,180,471
78,372,177,471
213,372,246,405
282,372,294,384
60,375,60,375
63,375,63,375
78,375,174,471
189,375,207,393
192,375,216,399
195,375,222,402
207,375,240,408
210,375,243,408
213,375,243,405
282,375,291,384
54,378,57,381
57,378,57,378
60,378,60,378
78,378,171,471
189,378,204,393
201,378,228,405
204,378,231,405
207,378,237,408
282,378,291,387
42,381,48,387
45,381,51,387
48,381,51,384
51,381,54,384
54,381,54,381
78,381,168,471
282,381,291,390
36,384,42,390
39,384,45,390
42,384,45,387
78,384,165,471
276,384,285,393
279,384,288,393
282,384,288,390
30,387,36,393
33,387,39,393
36,387,39,390
75,387,159,471
78,387,162,471
195,387,201,393
276,387,285,396
27,390,33,396
30,390,36,396
75,390,156,471
192,390,195,393
195,390,198,393
276,390,282,396
24,393,30,399
27,393,30,396
75,393,153,471
189,393,195,399
192,393,195,396
276,393,285,402
24,396,27,399
72,396,147,471
75,396,150,471
189,396,192,399
273,396,285,408
276,396,285,405
15,399,15,399
21,399,24,402
24,399,27,402
72,399,144,471
273,399,285,411
9,402,9,402
12,402,12,402
21,402,24,405
273,402,342,471
3,405,12,414
6,405,18,417
9,405,18,414
21,405,21,405
75,405,141,471
270,405,336,471
273,405,339,471
0,408,63,471
3,408,12,417
15,408,15,408
75,408,138,471
270,408,333,471
0,411,60,471
75,411,135,471
0,414,57,471
75,414,132,471
270,414,327,471
273,414,330,471
0,417,54,471
75,417,129,471
267,417,321,471
270,417,324,471
0,420,51,471
18,420,27,429
255,420,306,471
258,420,309,471
261,420,312,471
264,420,315,471
267,420,318,471
0,423,48,471
18,423,33,438
78,423,126,471
252,423,300,471
255,423,303,471
297,423,345,471
300,423,348,471
0,426,45,471
78,426,123,471
195,426,240,471
228,426,273,471
231,426,276,471
234,426,279,471
237,426,282,471
240,426,285,471
246,426,291,471
249,426,294,471
252,426,297,471
0,429,42,471
78,429,120,471
201,429,243,471
204,429,246,471
207,429,249,471
210,429,252,471
213,429,255,471
222,429,264,471
225,429,267,471
228,429,270,471
246,429,288,471
0,432,39,471
78,432,117,471
219,432,258,471
222,432,261,471
312,432,351,471
0,435,36,471
78,435,114,471
318,435,354,471
321,435,357,471
0,438,33,471
327,438,360,471
330,438,363,471
0,441,30,471
81,441,111,471
336,441,366,471
339,441,369,471
342,441,372,471
345,441,375,471
348,441,375,468
351,441,375,465
0,444,27,471
39,444,66,471
81,444,108,471
357,444,375,462
0,447,24,471
81,447,105,471
363,447,375,459
375,447,375,447
0,450,21,471
369,450,375,456
375,450,375,450
0,453,18,471
84,453,102,471
375,453,375,453
0,456,15,471
0,459,12,471
57,459,69,471
87,459,99,471
0,462,9,471
0,465,6,471
90,465,96,471
0,468,3,471
0,471,0,471
72,471,72,471
93,471,93,471
